"modified","institutionCode","collectionCode","catalogNumber","scientificName","identificationQualifier","family","genus","specificEpithet","infraspecificEpithet","scientificNameAuthorship","identifiedBy","dateIdentified","typeStatus","recordNumber","fieldNumber","recordedBy","year","month","day","country","stateProvince","municipality","locality","decimalLatitude","decimalLongitude","occurrenceRemarks","acceptedNameUsage","occurrenceID","comments","bibliographicCitation"
"","Comissão Executiva do Plano da Lavoura Cacaueira","CEPEC","153206","Myrciaria ferruginea","","Myrtaceae","Myrciaria","ferruginea","","O.Berg","M.C. Souza",,"","97","","Schulte, T.F.",2016,2,22,"Brazil","Bahia","AMARGOSA","Conglomerado BA_899-4-10-13RN",-13.030278,-39.604722,"<ll>dwc_commonname:</ll>","Myrciaria ferruginea O.Berg","",,"GBIF"
"","Universidade Federal de Sergipe, UFS","ASE","37046","Myrciaria ferruginea","","Myrtaceae","Myrciaria","ferruginea","","O.Berg","Santana, JP",2016,"","490","","Santana, JP",2016,3,1,"Brazil","Sergipe","Itaporanga d'Ajuda","Mata Rio Fundo",-11.0429,-37.1944,"Subarbusto, 1m, flores estaminadas brancas, folhas simples opostas.; Mata Atlântica.","Myrciaria ferruginea O.Berg","",,"GBIF"
"","UFSCar","SORO","6746","Myrciaria ferruginea","","Myrtaceae","Myrciaria","ferruginea","","O.Berg","J.P. Santana",2016,"","490","",,2016,3,1,"Brazil","Sergipe","Itaporanga d`Ajuda","Mata Rio Fundo. Mata Atlântica.",-11.074722,-37.328889,"Subarbusto, 1m, flores estaminadas brancas, folhas simples opostas.","Myrciaria ferruginea O.Berg","",,"GBIF"
"","UFRB","HURB","8519","Myrciaria ferruginea","","Myrtaceae","Myrciaria","ferruginea","","O.Berg","Stadnik, A.; Melo, J.D.O.; Pereira, J.S.",2017,"","26","","Simões, S.S.; Reis, L; Martins, M.L.L.",2014,4,27,"Brazil","Bahia","Cruz das Almas","Mata do Cazuzinha;",,,,"Myrciaria ferruginea O.Berg","",,"GBIF"
"","Universidade Federal de Sergipe, UFS","ASE","33960","Myrciaria ferruginea","","Myrtaceae","Myrciaria","ferruginea","","O.Berg","Proença, C",2015,"","37","","Tavares, MLGC",2014,5,6,"Brazil","Sergipe","Itaporanga d'Ajuda","Solo arenoso com bastante material orgânico (serrapilheira), vegetação arbórea em fase pioneira inicial",-10.998333,-37.310278,"Arbusto. Casca cinza, fina, lisa, interna branca. Coordenadas UTM: E(0675343m) N(8780786m). N° do conglomerado: 149, nº da subunidade: 2, n° da subparcela: 10, n° da árvore: 13R(F8).","Myrciaria ferruginea O.Berg","",,"GBIF"
"","Comissão Executiva do Plano da Lavoura Cacaueira","CEPEC","151032","Myrciaria ferruginea","","Myrtaceae","Myrciaria","ferruginea","","O.Berg","R. Asprino",,"","673","","Oliveira, N.E.",2014,11,26,"Brazil","Bahia","ITAPEBÍ","Conglomerado BA_1367",-15.840556,-39.42,"<ll>dwc_commonname:</ll>","Myrciaria ferruginea O.Berg","",,"GBIF"
"","UEFS","HUEFS","196709","Myrciaria ferruginea","","Myrtaceae","Myrciaria","ferruginea","","O.Berg",,,"","1439","","Popovkin, A.V.",2013,5,22,"Brazil","Bahia","Entre Rios","Algodão.",-12.166667,-37.966667,"Atlantic forest.","Myrciaria ferruginea O.Berg","",,"GBIF"
"","IMA","MAC","56503","Myrciaria ferruginea","","Myrtaceae","Myrciaria","ferruginea","","O.Berg","M.Figueira",2016,"","13626","","R.P.Lyra-Lemos; J.W.Alves-Silva; R.L.Silva; A.Santos",2013,6,15,"Brazil","Alagoas","Coruripe","Fazenda Capiatã A.",-10.215556,-36.298889,"Subarbusto. Flores secas.; Mata Atlântica.","Myrciaria ferruginea O.Berg","",,"GBIF"
"","UFSJ","HUFSJ","5845","Myrciaria ferruginea","","Myrtaceae","Myrciaria","ferruginea","","O.Berg","Faria, JEQ",2012,"","2606","","Faria, JEQ; Staggemeier, VG",2012,4,10,"Brazil","Alagoas","Coruripe","Estrada para a fazenda Capiatã, na área de maior ocorrência natural de Pau-Brasil",-10.055833,-36.269167,"Arbusto ca. 1 m de altura, caule liso soltando pequenas placas, botão floral verde, flores velhas e fruto imaturo verde","Myrciaria ferruginea O.Berg","",,"GBIF"
"","UFSJ","HUFSJ","5849","Myrciaria ferruginea","","Myrtaceae","Myrciaria","ferruginea","","O.Berg","Faria, JEQ",2012,"","2615","","Faria, JEQ",2012,4,11,"Brazil","Bahia","Rio Real","Margem da BR-101, entre Jandaíra e Esplanada",-11.648611,-37.891389,"Arbusto ca. 1 m de altura, caule rugoso castanho, botões verdes","Myrciaria ferruginea O.Berg","",,"GBIF"
"","UFSJ","HUFSJ","5846","Myrciaria ferruginea","","Myrtaceae","Myrciaria","ferruginea","","O.Berg","Faria, JEQ",2012,"","2608","","Faria, JEQ; Staggemeier, VG",2012,4,10,"Brazil","Alagoas","Coruripe","Estrada para a fazenda Capiatã, na área de maior ocorrência natural de Pau-Brasil",-10.055833,-36.269167,"Arbusto ca. 1 m de altura, caule liso soltando pequenas placas, botão floral verde, flores velhas, fruto imaturo verde e maduro vermelho (coletado material em sílica gel)","Myrciaria ferruginea O.Berg","",,"GBIF"
"","UFSJ","HUFSJ","5844","Myrciaria ferruginea","","Myrtaceae","Myrciaria","ferruginea","","O.Berg","Faria, JEQ",2012,"","2605","","Faria, JEQ; Staggemeier, VG",2012,4,10,"Brazil","Alagoas","Coruripe","Estrada para a fazenda Capiatã, na área de maior ocorrência natural de Pau-Brasil",-10.055833,-36.269167,"Arbusto ca. 1 m de altura, caule liso soltando pequenas placas, botão floral verde (coletado material em sílica gel)","Myrciaria ferruginea O.Berg","",,"GBIF"
"","UEFS","HUEFS","203511","Myrciaria ferruginea","","Myrtaceae","Myrciaria","ferruginea","","O.Berg",,,"","2615","","Faria, J.E.Q.",2012,4,11,"Brazil","Bahia","Rio Real","Margem da BR-101, entre Jandaíra e Esplanada.",-11.648611,-37.891389,"Mata de porte médio.","Myrciaria ferruginea O.Berg","",,"GBIF"
"","UnB","UB","191684","Myrciaria ferruginea","","Myrtaceae","Myrciaria","ferruginea","","O.Berg","Faria, JEQ",2012,"","2608","","Faria, JEQ; Staggemeier, VG",2012,4,10,"Brazil","Alagoas","Coruripe","Estrada para a fazenda Capiatã, na área de maior ocorrência natural de Pau-Brasil",-10.055833,-36.269167,"Arbusto ca. 1 m de altura, caule liso soltando pequenas placas, botão floral verde, flores velhas, fruto imaturo verde e maduro vermelho (coletado material em sílica gel); Mata de porte mediano, mata de encosta","Myrciaria ferruginea O.Berg","",,"GBIF"
"","UnB","UB","191687","Myrciaria ferruginea","","Myrtaceae","Myrciaria","ferruginea","","O.Berg","Faria, JEQ",2012,"","2615","","Faria, JEQ",2012,4,11,"Brazil","Bahia","Rio Real","Margem da BR-101, entre Jandaíra e Esplanada",-11.648611,-37.891389,"Arbusto ca. 1 m de altura, caule rugoso castanho, botões verdes; Mata de porte médio","Myrciaria ferruginea O.Berg","",,"GBIF"
"","UnB","UB","191682","Myrciaria ferruginea","","Myrtaceae","Myrciaria","ferruginea","","O.Berg","Faria, JEQ",2012,"","2605","","Faria, JEQ; Staggemeier, VG",2012,4,10,"Brazil","Alagoas","Coruripe","Estrada para a fazenda Capiatã, na área de maior ocorrência natural de Pau-Brasil",-10.055833,-36.269167,"Arbusto ca. 1 m de altura, caule liso soltando pequenas placas, botão floral verde (coletado material em sílica gel); Mata de porte mediano, mata de encosta","Myrciaria ferruginea O.Berg","",,"GBIF"
"","UnB","UB","191683","Myrciaria ferruginea","","Myrtaceae","Myrciaria","ferruginea","","O.Berg","Faria, JEQ",2012,"","2606","","Faria, JEQ; Staggemeier, VG",2012,4,10,"Brazil","Alagoas","Coruripe","Estrada para a fazenda Capiatã, na área de maior ocorrência natural de Pau-Brasil",-10.055833,-36.269167,"Arbusto ca. 1 m de altura, caule liso soltando pequenas placas, botão floral verde, flores velhas e fruto imaturo verde; Mata de porte mediano, mata de encosta","Myrciaria ferruginea O.Berg","",,"GBIF"
"","JBRJ","RB","RB00844073","Myrciaria ferruginea","","Myrtaceae","Myrciaria","ferruginea","","O.Berg","J.E.Q. Faria",,"","2608","","J.E.Q. Faria; V.G. Staggemeier",2012,4,10,"Brazil","Alagoas","Coruripe","Estrada para a fazenda Capiatã, na área de maior ocorrência natural de Pau-Brasil.",-10.055833,-36.269167,"Arbusto ca. 1m de altura, caule liso soltando pequenas placas, botão floral verde, flores velhas, fruto imaturo verde e maduro vermelho","Myrciaria ferruginea O.Berg","",,"GBIF"
"","JBRJ","RB","RB00846069","Myrciaria ferruginea","","Myrtaceae","Myrciaria","ferruginea","","O.Berg","J.E.Q. Faria",,"","2605","","J.E.Q. Faria; V.G. Staggemeier",2012,4,10,"Brazil","Alagoas","Coruripe","Estrada para a fazenda Capiatã, na área de maior ocorrência natural de Pau-brasil.",-10.055833,-36.269167,"Arbusto ca. 1m de altuta, caule liso soltando pequenas placas, botão floral verde","Myrciaria ferruginea O.Berg","",,"GBIF"
"","IMA","MAC","54771","Myrciaria ferruginea","","Myrtaceae","Myrciaria","ferruginea","","O.Berg","M.Sobral",2017,"","2404","","I.A.Bayma; R.C.Pinto",2012,7,20,"Brazil","Alagoas","Teotônio Vilela","Fazenda dos Pacheco.",,,"Arbusto ca. 1,5 m de altura. Frutos verdes.; Mata Atlântica.","Myrciaria ferruginea O.Berg","",,"GBIF"
"","JBRJ","RB","RB00713620","Myrciaria ferruginea","","Myrtaceae","Myrciaria","ferruginea","","O.Berg","M.C. Souza",2014,"","7536","","Haroldo C. de Lima; Maristerra Lemes, Rogerio Gribel, D. Folli & G. Siqueira",2012,8,8,"Brazil","Espírito Santo","Linhares","Reserva Natural do Vale, Estrada da Mantigueira. antes da entrada da pousada.",-19.143889,-40.064444,"Arvoreta com 3 metros de altura. Caule com casca lisa e descamante, pardacenta, DAP com aproximadamente 7 cm. Frutos imaturos esverdeados e maduros nigrescentes. Frequente no sub-bosque. Sementes para arboreto JBRJ.","Myrciaria ferruginea O.Berg","",,"GBIF"
"","Universidade Federal de Sergipe, UFS","ASE","29286","Myrciaria ferruginea","","Myrtaceae","Myrciaria","ferruginea","","O.Berg","Lourenço, AR",2012,"","29286","","Souza-Alves, JP",2011,2,28,"Brazil","Sergipe","Itaporanga d'Ajuda","Fazenda Trapsa, Entrada principal 3 km ao leste do Povoado Paruí e área de ocorrência do Callicebus coimbrai, primata ameaçado de extinção. Floresta estacional semidecidual.",-11.2,-37.233333,"Mata Atlântica.","Myrciaria ferruginea O.Berg","",,"GBIF"
"","UFPB","JPB","52575","Myrciaria ferruginea","","Myrtaceae","Myrciaria","ferruginea","","O.Berg","Lourenço, AR",2012,"","Ph03","","Souza-Alves, JP",2011,2,28,"Brazil","Sergipe","Itaporanga d'Ajuda","Fazenda Trapsa, Entrada principal 3 km ao leste do Povoado Paruí e área de ocorrência do Callicebus coimbrai, primata ameaçado de extinção",-11.2,-37.233333,"; HABITAT: Mata Atlântica (Floresta Estacional Semidecidual); DESC: Árbusto ca. de 1 m de altura. Frutos vermelhos","Myrciaria ferruginea O.Berg","",,"GBIF"
"","IMA","MAC","52156","Myrciaria ferruginea","","Myrtaceae","Myrciaria","ferruginea","","O.Berg","M.Figueira; B.Schindler",2016,"","10443","","Chagas-Mota; W.T.C.C.Santos",2011,3,22,"Brazil","Alagoas","Coruripe","Usina Coruripe, Fazenda Capiatã.",,,"Arbusto ca. 3 m de altura. Flores cremes.; Mata Atlântica.","Myrciaria ferruginea O.Berg","",,"GBIF"
"","IMA","MAC","52593","Myrciaria ferruginea","","Myrtaceae","Myrciaria","ferruginea","","O.Berg","E.C.O.Chagas",2011,"","10683","","Chagas-Mota",2011,3,29,"Brazil","Alagoas","Ibateguara","Coimbra, Grota da Burra.",-9.6425,-36.451944,"Árvore ca. 6 m de altura. Flores cremes.; Mata Atlântica.","Myrciaria ferruginea O.Berg","",,"GBIF"
"","UFPB","JPB","48911","Myrciaria ferruginea","","Myrtaceae","Myrciaria","ferruginea","","O.Berg","Amorim, BS",2012,"","244","","Pereira, LA; Chagas, ECO",2011,5,12,"Brazil","Paraíba","João Pessoa","Mata Ciliar do Rio Cabelo, Mangabeira",-7.115,-34.863056,"; DESC: Arbusto ca. De 1,5m de altura. Frutos de cor verde.","Myrciaria ferruginea O.Berg","",,"GBIF"
"","UFPE","UFP","63086","Myrciaria ferruginea","","Myrtaceae","Myrciaria","ferruginea","","O.Berg","Amorim, B.S.",,"","530","","Amorim, B.S.; Cavalcanti, D.",2010,1,27,"Brazil","Pernambuco","Goiana","RPPN Fazenda Tabatinga",,,"COORD: 7º36'22.00"" S - 34º49'14.00"" W.; Arbusto, 2m alt.; Borda da mata, Mata Atlântica.","Myrciaria ferruginea O.Berg","",,"GBIF"
"","UFPE","UFP","65368","Myrciaria ferruginea","","Myrtaceae","Myrciaria","ferruginea","","O.Berg",,,"","526","","Amorim, B.S.; García, J.D.; Souza, J.A.N. & Cavalcanti, D.",2010,1,26,"Brazil","Pernambuco","Igarassu","Usina São José",,,"COORD.: 7º50'35.00"" S - 34º59'94.00"" W.; Sub-arbusto 1,8m alt. Frutos imaturos verdes.; Mata de Piedade, borda da mata, Mata Atlântica.","Myrciaria ferruginea O.Berg","",,"GBIF"
"","IMA","MAC","45832","Myrciaria ferruginea","","Myrtaceae","Myrciaria","ferruginea","","O.Berg","E.C.O.Chagas",2010,"","7336","","Chagas-Mota",2010,1,29,"Brazil","Alagoas","Mar Vermelho","Fazenda Canadá.",-9.480367,-36.382306,"Árvore ca. 6 m de altura. Estéril.; Mata Atlântica.","Myrciaria ferruginea O.Berg","",,"GBIF"
"","UFPE","UFP","64300","Myrciaria ferruginea","","Myrtaceae","Myrciaria","ferruginea","","O.Berg",,,"","293","","Pessoa, E.; García, J.D.",2010,3,3,"Brazil","Pernambuco","Igarassu",,,,"Subarbusto com botões brancos.; Mata Atlântica. Borda do fragmento. Fragmento Chave.","Myrciaria ferruginea O.Berg","",,"GBIF"
"","JBRJ","RB","RB00671239","Myrciaria ferruginea","","Myrtaceae","Myrciaria","ferruginea","","O.Berg","B.S.Amorim",2010,"","649","","B.S.Amorim",2010,4,19,"Brazil","Pernambuco","Recife","Jardim Botânico de Recife.",-8.721111,-34.968889,"Arbusto 1,5m alt.,frutos roxos.","Myrciaria ferruginea O.Berg","",,"GBIF"
"","IMA","MAC","51457","Myrciaria ferruginea","","Myrtaceae","Myrciaria","ferruginea","","O.Berg","B.S.Amorim",2010,"","649","","B.S.Amorim",2010,5,19,"Brazil","Pernambuco","Recife","Jardim Botânico do Recife, Interior da mata.",-8.083333,-35.5,"Arbusto 1,5 m de altura. Frutos roxos.","Myrciaria ferruginea O.Berg","",,"GBIF"
"","Universidade Federal de Sergipe, UFS","ASE","20293","Myrciaria ferruginea","","Myrtaceae","Myrciaria","ferruginea","","O.Berg","Proença, C; Amorim, BS",2012,"","670","","Amorim, BS",2010,8,15,"Brazil","Pernambuco","Goiana","RPPN Fazenda Tabatinga, interior da mata",-7.606111,-34.820556,"Subarbusto 1m alt., frutos verdes.; Subarbusto 1m alt., frutos verdes.","Myrciaria ferruginea O.Berg","",,"GBIF"
"","Universidade Federal de Sergipe, UFS","ASE","21604","Myrciaria ferruginea","","Myrtaceae","Myrciaria","ferruginea","","O.Berg","Proença, C",2012,"","312","","Calazans, C; Oliveira, A; Tavares, M; Santana, R; Almeida, E",2010,9,17,"Brazil","Sergipe","Estância","Povoado Fonte Nova, Nascente 3.",-11.171667,-37.481111,,"Myrciaria ferruginea O.Berg","",,"GBIF"
"","IMA","MAC","49952","Myrciaria ferruginea","","Myrtaceae","Myrciaria","ferruginea","","O.Berg","E.C.O.Chagas",2010,"","8991","","Chagas-Mota",2010,10,7,"Brazil","Alagoas","Quebrangulo","Reserva Biológica Pedra Talhada, Pedra D'Água.",-9.559167,-36.809167,"Árvore ca. 6 m de altura. Frutos verdes.; Mata Atlântica.","Myrciaria ferruginea O.Berg","",,"GBIF"
"","IMA","MAC","50565","Myrciaria ferruginea","","Myrtaceae","Myrciaria","ferruginea","","O.Berg","E.C.O.Chagas",2010,"","9604","","Chagas-Mota; J.M.Ferreira",2010,11,25,"Brazil","Alagoas","Viçosa","Fazenda Jussara.",-9.620556,-36.402222,"Árvore ca. 7 m de altura. Botões cremes.; Mata Atlântica.","Myrciaria ferruginea O.Berg","",,"GBIF"
"","UFPE","UFP","65367","Myrciaria ferruginea","","Myrtaceae","Myrciaria","ferruginea","","O.Berg","Amorim, B.S.",2009,"","390","","Amorim, B.S.; Alves-Araújo, A. & Pontes, T.",2009,2,20,"Brazil","Pernambuco","Igarassu",,,,"Mata Atlântica, Borda da mata, Mata da Piedade.","Myrciaria ferruginea O.Berg","",,"GBIF"
"","UFPE","UFP","65370","Myrciaria ferruginea","","Myrtaceae","Myrciaria","ferruginea","","O.Berg","Amorim, B.S.",2009,"","397","","Amorim, B.S.; Alves, M.; Heald, S.; Pontes, T.A.; García, J.D.; Novaes, J. & Pessoa, E.",2009,3,7,"Brazil","Pernambuco","Igarassu","Borda da mata, Mata da Piedade.",,,"Subarbusto 1m.; Mata Atlântica.","Myrciaria ferruginea O.Berg","",,"GBIF"
"","UFPE","UFP","65639","Myrciaria ferruginea","","Myrtaceae","Myrciaria","ferruginea","","O.Berg","Amorim, B.S.",,"","438","","Amorim, B.S.; Pontes, T.A.; García, J.D. & J. Novaes",2009,3,14,"Brazil","Pernambuco","Igarassu","Interior, Mata de Macacos.",-7.778889,-35.006111,"Subarb. 2m, frutos maduros vermelhos.; Mata Atlântica.","Myrciaria ferruginea O.Berg","",,"GBIF"
"","IMA","MAC","37664","Myrciaria ferruginea","","Myrtaceae","Myrciaria","ferruginea","","O.Berg","E.C.O.Chagas",2009,"","2379","","Chagas-Mota; S.P.Gomes",2009,3,27,"Brazil","Alagoas","Palmeira dos Índios","Serra das Pias, Fazenda Fortaleza.",-9.701944,-37.035278,"Árvore ca. 5 m de altura. Flores brancas.; Brejo de Altitude.","Myrciaria ferruginea O.Berg","",,"GBIF"
"","IMA","MAC","37990","Myrciaria ferruginea","","Myrtaceae","Myrciaria","ferruginea","","O.Berg","E.C.O.Chagas",2009,"","2702","","Chagas-Mota; A.I.L.Pinheiro",2009,4,17,"Brazil","Alagoas","Murici","Serra do Ouro.",-9.535278,-36.559167,"Árvore ca. 6 m de altura. Flores brancas.; Mata Pluvial Atlântica.","Myrciaria ferruginea O.Berg","",,"GBIF"
"","IMA","MAC","38068","Myrciaria ferruginea","","Myrtaceae","Myrciaria","ferruginea","","O.Berg","E.C.O.Chagas",2009,"","2780","","Chagas-Mota",2009,4,18,"Brazil","Alagoas","Maceió","Serra da Saudinha, Fazenda Cela.",-10.118611,-36.201944,"Árvore ca. 4 m de altura. Flores brancas.; Mata Pluvial Atlântica.","Myrciaria ferruginea O.Berg","",,"GBIF"
"","UFPE","UFP","63087","Myrciaria ferruginea","","Myrtaceae","Myrciaria","ferruginea","","O.Berg","Amorim, B.S.",2009,"","456","","Amorim, B.S.; Alves-Araújo, A.",2009,5,25,"Brazil","Pernambuco","Goiana","RPPN Fazenda Tabatinga, Subida da encosta, sub-bosque.",,,"COORD.: 7º36'17.00"" S e 34º49'05.00"".; Subarbusto60-80cm, frutos verdes.; Mata Atlântica.","Myrciaria ferruginea O.Berg","",,"GBIF"
"","UFPE","UFP","71068","Myrciaria ferruginea","","Myrtaceae","Myrciaria","ferruginea","","O.Berg",,,"","462","","Amorim, B.S.; Alves-Araújo, A.",2009,5,28,"Brazil","Pernambuco","Tamandaré","Rio Formoso, Mata Atlântica. Trilha Casca de Côco; Bananeira-Córrego viradoe; Cór. Verde; Cór. Mangueirinha-Paquevira; Chã Açude.",,,"Arbusto 2m, frutos verdes.","Myrciaria ferruginea O.Berg","",,"GBIF"
"","USP","SPF","203633","Myrciaria ferruginea","","Myrtaceae","Myrciaria","ferruginea","","O.Berg","Amorim, BS",2009,"","456","","Amorim, BS",2009,5,25,"Brazil","Pernambuco","Goiana",,-7.604722,-34.818056,,"Myrciaria ferruginea O.Berg","",,"GBIF"
"","JBRJ","RB","RB00652548","Myrciaria ferruginea","","Myrtaceae","Myrciaria","ferruginea","","O.Berg","B.S. Amorim",,"","456","","B.S. Amorim; A. Alves-Araújo",2009,5,25,"Brazil","Pernambuco","Goiana","Mata Atlântica. Subida da encosta, subbosque, RPPN Fazenda Tabatinga.",-7.604722,-34.818056,"Subarbusto 60-80 cm, frutos verdes.","Myrciaria ferruginea O.Berg","",,"GBIF"
"","IMA","MAC","40008","Myrciaria ferruginea","","Myrtaceae","Myrciaria","ferruginea","","O.Berg","M.N.Rodrigues",2009,"","s.n.","","S.P.Gomes",2009,5,20,"Brazil","Alagoas","Palmeira dos Índios","Serra das Pias",-9.701944,-37.035278,"Árvore ca. 7 m de altura. Frutos vermelhos pilosos; Brejo de altitude","Myrciaria ferruginea O.Berg","",,"GBIF"
"","IMA","MAC","41461","Myrciaria ferruginea","","Myrtaceae","Myrciaria","ferruginea","","O.Berg","E.C.O.Chagas",2009,"","3587","","Chagas-Mota; A.I.L.Pinheiro; S.Cavalcanti",2009,5,8,"Brazil","Alagoas","Mar Vermelho","Fazenda Canadá.",-9.75,-36.618611,"Árvore ca. 6 m de altura. Flores brancas.; Mata Pluvial Atlântica.","Myrciaria ferruginea O.Berg","",,"GBIF"
"","NY","NY","02641250","Myrciaria ferruginea","","Myrtaceae","Myrciaria","ferruginea","","O.Berg",,,"","462","","B. S. Amorim",2009,5,28,"Brazil","Pernambuco",,"Mata Atlântica. Trilha Casca de Côco. Bananeira-Córrego virado; Cór. Verde, Mangueirinha-Paquevira; Chã Açude.",,,,"Myrciaria ferruginea O.Berg","",,"GBIF"
"","IMA","MAC","43720","Myrciaria ferruginea","","Myrtaceae","Myrciaria","ferruginea","","O.Berg","M.Figueira; B.Schindler",2016,"","5224","","Chagas-Mota; V.G.Ramalho",2009,8,29,"Brazil","Alagoas","Paripueira","RPPN Sabiá.",-9.785278,-35.916667,"Arbusto ca. 2 m de altura. Flores cremes.; Mata Pluvial Atlântica.","Myrciaria ferruginea O.Berg","",,"GBIF"
"","IMA","MAC","44424","Myrciaria ferruginea","","Myrtaceae","Myrciaria","ferruginea","","O.Berg","M.Figueira; B.Schindler",2016,"","5928","","Chagas-Mota; V.G.Ramalho",2009,10,3,"Brazil","Alagoas","Teotônio Vilela","Usina Seresta, Madeiras.",-10.514722,-36.591111,"Arbusto ca. 1,5 m de altura. Estéril.; Mata Atlântica.","Myrciaria ferruginea O.Berg","",,"GBIF"
"","IMA","MAC","44801","Myrciaria ferruginea","","Myrtaceae","Myrciaria","ferruginea","","O.Berg","E.C.O.Chagas",2009,"","6305","","Chagas-Mota",2009,10,18,"Brazil","Alagoas","Palmeira dos Índios","Serra das Pias, Fazenda Fortaleza.",-9.406106,-36.633142,"Árvore ca. 7 m de altura. Flores cremes. Frutos roxos.; Agreste.","Myrciaria ferruginea O.Berg","",,"GBIF"
"","UFPE","UFP","75884","Myrciaria ferruginea","","Myrtaceae","Myrciaria","ferruginea","","O.Berg",,2013,"","901","","Alves-Araújo, A.; Alves, M. & Arruda, T.",2008,3,14,"Brazil","Pernambuco","Igarassu","Usina São José, Mata a Zambana, borda da mata.",-7.725556,-34.986944,"Arbusto de fruto vermelho.","Myrciaria ferruginea O.Berg","",,"GBIF"
"","Reserva Natural Vale","CVRD","11259","Myrciaria ferruginea","","Myrtaceae","Myrciaria","ferruginea","","O.Berg","Marcelo Costa Souza",2008,"","646","","Souza, M.C.",2008,4,2,"Brazil","Es","LINHARES",,-19.098203,-39.998686,"<ll>dwc_commonname:</ll> Vassourinha","Myrciaria ferruginea O.Berg","",,"GBIF"
"","MBML","MBML-HERBARIO","36126","Myrciaria ferruginea","","Myrtaceae","Myrciaria","ferruginea","","O.Berg","M. C. Souza/02-IV-2008",,"","646","","M. C. Souza; et al",2008,4,2,"Brazil","Espírito Santo","Linhares","Reserva Natural da Vale do Rio Doce",-19.1375,-40.063611,,"Myrciaria ferruginea O.Berg","",,"GBIF"
"","JBRJ","RB","RB00522763","Myrciaria ferruginea","","Myrtaceae","Myrciaria","ferruginea","","O.Berg","M.C.Souza",,"","646","","M.C.Souza; G. Siqueira, C. Sother",2008,4,2,"Brazil","Espírito Santo","Linhares","Reserva Natural da Vale do Rio Doce. Estrada Orelha de Onça, Km 1,4. Tabuleiro.",,,"Arvoreta de 4 metros de altura com flores passadas. Tronco liso, vermelho, soltando placas. Coleta de material para extração de DNA.","Myrciaria ferruginea O.Berg","",,"GBIF"
"","Universidade Federal de Minas Gerais","BHCB","126667","Myrciaria ferruginea","","Myrtaceae","Myrciaria","ferruginea","","O.Berg",,,"","4621","","Stehmann, JR; Mota, NFO",2007,2,6,"Brazil","Espírito Santo","Linhares","Reserva Florestal de Linhares, Trilha para a BicuíbFlores, A.ta de Tabuleiro.",-19.160278,-40.056944,"Árvore de aprox. 4m de alturFlores, A. cremes. Caule esfoliante.","Myrciaria ferruginea O.Berg","",,"GBIF"
"","Reserva Natural Vale","CVRD","14003","Myrciaria ferruginea","","Myrtaceae","Myrciaria","ferruginea","","O.Berg","Mota, N.F.O.",,"","4621","","J.R. Stehmann",2007,2,6,"Brazil","Es","LINHARES","Curso de Taxonomia UFMG",-19.160361,-40.056944,"Árvore de aprox. 4 m. de altura. Flores cremes. Caule esfoliante. <ll>dwc_commonname:</ll> Vassourinha","Myrciaria ferruginea O.Berg","",,"GBIF"
"","UFPE","UFP","65988","Myrciaria ferruginea","","Myrtaceae","Myrciaria","ferruginea","","O.Berg","Alves-Araújo, A.",2008,"","54","","Melo, A.; Alves-Araújo, A. & Albuquerque, N.A.",2007,4,24,"Brazil","Pernambuco","Igarassu","Usina São José, Borda da Mata., Mata da Piedade.",-8.256944,-38.1375,"Arbusto com frutos imaturos verdes.; Mata Atlântica.","Myrciaria ferruginea O.Berg","",,"GBIF"
"","JBRJ","RB","RB00493020","Myrciaria ferruginea","","Myrtaceae","Myrciaria","ferruginea","","O.Berg",,,"","519","","M.C.Souza; M.P.Morim, L.F.T.Menezes, J.Iganci, N.L.Nunes",2007,6,5,"Brazil","Espírito Santo","Sooretama","Reserva Biológica de Sooretama. Estrada que vai para a sede da Reserva, passando da sede na primeira bifurcação vire a direita. Nesta estrada passa por uma porteira e depois vire numa estrada lateral à direita com uma porteira na entrada.",,,"Arbusto de 2 metors de altura, estéril. Coleta para extração de DNA.","Myrciaria ferruginea O.Berg","",,"GBIF"
"","IMA","MAC","30825","Myrciaria ferruginea","","Myrtaceae","Myrciaria","ferruginea","","O.Berg","E.C.O.Chagas",,"","982","","I.A.Bayma",2007,8,21,"Brazil","Alagoas","São Miguel dos Campos",,-10.309167,-36.1425,"Arvoreta ca. de 2m de altura.; Mata Atlântica em Tabuleiro.","Myrciaria ferruginea O.Berg","",,"GBIF"
"","IMA","MAC","31336","Myrciaria ferruginea","","Myrtaceae","Myrciaria","ferruginea","","O.Berg","M.Figueira; Schindler",2016,"","60","","Chagas-Mota",2007,10,20,"Brazil","Alagoas","Maceió","Serra da Saudinha, Fazenda Cela.",-10.118611,-36.201944,"Arbusto ca. 1,5 m de altura. Flores brancas. Frutos arroxeados.; Floresta Pluvial Atlântica. Encosta.","Myrciaria ferruginea O.Berg","",,"GBIF"
"","UFRPE","PEUFR","48092","Myrciaria ferruginea","","Myrtaceae","Myrciaria","ferruginea","","O.Berg","B.S.Amorim",2010,"","18","","A.C.G. Souto; J.F.Silva-Júniorr; J.S. Silva-Filha; W.L.Silva",2006,3,31,"Brazil","Pernambuco","Igarassu","mata da usina são José",-7.697156,-34.990886,"Arvoreta com 1,3m de altura, arvoreta lenhosa, flores ausentes, fruto ausentes, frequência frequente.","Myrciaria ferruginea O.Berg","",,"GBIF"
"","FUVATES","HVAT","1901","Myrciaria ferruginea","","Myrtaceae","Myrciaria","ferruginea","","O.Berg","R. Trevisan; A. S. Schneider",2007,"","s.n.","","E. Mundeleski",2006,9,1,"Brazil","Rio Grande do Sul","Veasiano Corrêa",,-29.0675,-51.859167,,"Myrciaria ferruginea O.Berg","",,"GBIF"
"","Comissão Executiva do Plano da Lavoura Cacaueira","CEPEC","114575","Myrciaria ferruginea","","Myrtaceae","Myrciaria","ferruginea","","O.Berg","M. Sobral",,"","6455","","Amorim, A. M.",2006,10,13,"Brazil","Bahia","PORTO SEGURO","Estrada que liga Eunápolis à Porto Seguro. RPPN Estação Veracruz.",-16.419167,-39.202222,,"Myrciaria ferruginea O.Berg","",,"GBIF"
"","Universidade Federal de Minas Gerais","BHCB","112744","Myrciaria ferruginea","","Myrtaceae","Myrciaria","ferruginea","","O.Berg",,2008,"","6455","","Amorim, AMA; Paixão, J; Rocha, WD; Perdiz, R; Gomes, LCJ",2006,10,13,"Brazil","Bahia","Porto Seguro","RPPN Estação Vera Cruz, Estrada que liga Eunápolis à Porto Seguro",-16.419167,-39.202222,"Arvoreta ca. 4m de altura. Folhas verdes, brilhantes na face superior. Frutos imaturos verdes; Floresta Ombrófila Densa sob Tabuleiro.","Myrciaria ferruginea O.Berg","",,"GBIF"
"","JBRJ","RB","RB00520316","Myrciaria ferruginea","","Myrtaceae","Myrciaria","ferruginea","","O.Berg","M. C. Souza",2008,"","6455","","A. M. Amorim; J. Paixão, W. D. Rocha & R. Perdiz",2006,10,13,"Brazil","Bahia","Porto Seguro","Estrada que liga Eunápolis à Porto Seguro. RPPN Estação Veracruz.",-16.419167,-39.202222,"Arvoreta ca. 4 m de alt. Folhas verdes, brilhantes na face superior, Frutos imaturos verdes","Myrciaria ferruginea O.Berg","",,"GBIF"
"","NY","NY","01095510","Myrciaria ferruginea","","Myrtaceae","Myrciaria","ferruginea","","O.Berg",,,"","6455","","A. M. Amorim",2006,10,13,"Brazil","Bahia",,"Estrada que liga Eunápolis a Porto Seguro. RPPN Estação Veracruz. Coletas efetuadas na parcela 2 e na estrada de acesso",-16.4192,-39.2022,,"Myrciaria ferruginea O.Berg","",,"GBIF"
"","JBRJ","RB","RB00577819","Myrciaria ferruginea","","Myrtaceae","Myrciaria","ferruginea","","O.Berg","M.C. Souza",2012,"","839","","E.J. Lucas; et.al",2006,11,30,"Brazil","Espírito Santo","Linhares","Reserva da Compania Vale do Rio Doce, estrada Mantegueira.",-19.152222,-40.071389,"Árvore de c.8 m de altura, fruto maduro amarelo com sabor adocicado.","Myrciaria ferruginea O.Berg","",,"GBIF"
"","IMA","MAC","23837","Myrciaria ferruginea","","Myrtaceae","Myrciaria","ferruginea","","O.Berg","R.Lemos",2006,"","8897","","R.P.Lyra-Lemos; et al.",2005,5,5,"Brazil","Alagoas","Marechal Deodoro","APA de Santa Rita.",-10.201944,-36.5,"Arvoreta ca. de 2m de altura. Botões florais jovens.; Restinga.","Myrciaria ferruginea O.Berg","",,"GBIF"
"","Reserva Natural Vale","CVRD","9280","Myrciaria ferruginea","","Myrtaceae","Myrciaria","ferruginea","","O.Berg","Domingos A. Folli",2005,"","5147","","Folli, D.A.",2005,11,25,"Brazil","Es","LINHARES","Aceiro Bico da bota",,,"<ll>dwc_commonname:</ll> Vassourinha","Myrciaria ferruginea O.Berg","",,"GBIF"
"","UFRPE","PEUFR","44051","Myrciaria ferruginea","","Myrtaceae","Myrciaria","ferruginea","","O.Berg","B.S.Amorim",2010,"","92","","K.D.Rocha; S.G.Freire",2004,1,2,"Brazil","Pernambuco","Igarassu","Mata da usina são José",-7.838889,-35.002778,"Arvoreta com cerca de 0,5m de altura, terrestre, frequência baixa.","Myrciaria ferruginea O.Berg","",,"GBIF"
"","IPA","IPA","65884","Myrciaria ferruginea","","Myrtaceae","Myrciaria","ferruginea","","O.Berg","Sobral, M.",2006,"","1542","","Oliveira, M.; Grillo, A.A.; Grillo, A.A.",2004,2,11,"Brazil","Pernambuco","Sirinhaém","mata de Jindaí, interior da mata.",,,"Arbusto ca. 2m de altura; flores alvas, frutos maturos vermelhos.; Vegetação arbustivo-arbórea densa. Solo argiloso.","Myrciaria ferruginea O.Berg","",,"GBIF"
"","IMA","MAC","22500","Myrciaria ferruginea","","Myrtaceae","Myrciaria","ferruginea","","O.Berg","B.S.Amorim",,"","1542","","M.Oliveira; A.A.Grillo",2004,2,11,"Brazil","Pernambuco","Sirinhaém","Mata de Jindaí, interior da mata.",-8.975833,-35.201944,"Arbusto com ca. 2m de altura. Flores alvas Frutos maduros vermelhos.; Veg. arbustiva arbórea densa. Solo argiloso.","Myrciaria ferruginea O.Berg","",,"GBIF"
"","UFPE","UFP","38670","Myrciaria ferruginea","","Myrtaceae","Myrciaria","ferruginea","","O.Berg","Souza, M.C.",2004,"","1542","","Oliveira, M.; Grillo, A.A.",2004,2,11,"Brazil","Pernambuco","Sirinhaém","Mata de Jindaí",,,"Arbusto mais ou menos 2,0m alt.; flores alvas, frutos maduros vermelhos.; Interior da mata. Vegetação arbustivo-arbórea densa. Solo argiloso.","Myrciaria ferruginea O.Berg","",,"GBIF"
"","JBRJ","RB","RB00315048","Myrciaria ferruginea","","Myrtaceae","Myrciaria","ferruginea","","O.Berg","M.C.Souza",,"","1542","","M.Oliveira; A.A.Grillo",2004,2,11,"Brazil","Pernambuco","Sirinhaém","Mata de Jindaí.",,,"arbusto + ou - 2,00m alt, flores alvas, frutos maturos vermelhos","Myrciaria ferruginea O.Berg","",,"GBIF"
"","UFPE","UFP","40885","Myrciaria ferruginea","","Myrtaceae","Myrciaria","ferruginea","","O.Berg","Sobral, M.",2006,"","1602","","Oliveira, M.; Alves, J. & Cara, P.",2004,6,14,"Brazil","Pernambuco","Goiana","Usina Santa Tereza",,,"Arbusto mais ou menos 1,5m alt.; frutos maduros vermelhos. Frequente.; Floresta Atlântica, interior da mata, subosque.","Myrciaria ferruginea O.Berg","",,"GBIF"
"","IPA","IPA","67664","Myrciaria ferruginea","","Myrtaceae","Myrciaria","ferruginea","","O.Berg","Souza, M.C.",2008,"","1652","","Oliveira, M.",2004,8,9,"Brazil","Pernambuco","Igarassu","Refúgio Ecológico Charles Darwin, local sombreado, margem da estrada principal.",,,"Arbusto ca. 2m; flores alvas. Ocasional.; Floresta atlântica. vegetação arbórea-arbustiva densa, próximo à sede.","Myrciaria ferruginea O.Berg","",,"GBIF"
"","Universidade Federal do Ceará, UFC","EAC","51287","Myrciaria ferruginea","","Myrtaceae","Myrciaria","ferruginea","","O.Berg","Lima-Verde, L. .W.; Loiola, M.I.B.",2012,"","808","","Silveira, A.",2003,2,13,"Brazil","Ceará","Guaramiranga","Sítio Lagoa",-4.206028,-38.971167,"Arvoreta, 4m; flor na base das folhas.","Myrciaria ferruginea O.Berg","",,"GBIF"
"","Universidade Federal do Ceará, UFC","EAC","49264","Myrciaria ferruginea","","Myrtaceae","Myrciaria","ferruginea","","O.Berg","Lima-Verde, L.W.; Loiola, M.I.B.",2012,"","999","","Siveira, A.",2003,3,13,"Brazil","Ceará","Guaramiranga","Sítio Lagoa",-4.206028,-38.971167,"Árvore, 4,5m.","Myrciaria ferruginea O.Berg","",,"GBIF"
"","IMA","MAC","21607","Myrciaria ferruginea","","Myrtaceae","Myrciaria","ferruginea","","O.Berg","E.C.O.Chagas",,"","1349","","M.Oliveira; A.A.Grillo",2003,4,8,"Brazil","Alagoas","Ibateguara","Mata da Cobra.",-9.6425,-36.451944,"Arbusto; Vegetação arbustivo arbóreo densa.","Myrciaria ferruginea O.Berg","",,"GBIF"
"","JBRJ","RB","RB00315043","Myrciaria ferruginea","","Myrtaceae","Myrciaria","ferruginea","","O.Berg","M.C.Souza",,"","1349","","M.Oliveira; A.A.Grillo",2003,4,8,"Brazil","Alagoas","Ibateguara","mata da Cobra (encanamento) .",,,"Arbusto","Myrciaria ferruginea O.Berg","",,"GBIF"
"","UFPB","JPB","19114","Myrciaria ferruginea","","Myrtaceae","Myrciaria","ferruginea","","O.Berg","Amorim, BS",2010,"","997","","Moura, OT",2003,5,20,"Brazil","Paraíba","João Pessoa","Mangabeira, Jacarapé.",,,"; DESC: Terrestre. Arbustivo; flor branca, botão; na orla da mata.","Myrciaria ferruginea O.Berg","",,"GBIF"
"","IMA","MAC","21582","Myrciaria ferruginea","","Myrtaceae","Myrciaria","ferruginea","","O.Berg","E.C.O.Chagas",,"","1495","","M.Oliveira; A.A.Grillo",2003,12,16,"Brazil","Alagoas","Ibateguara","Flora dos Fragmentos: Alto Guzerá, margem da estrada.",-9.623611,-36.576111,"Arbusto com ca. de 3m de altura. Flores passadas.; Veg. arbustiva arbórea.","Myrciaria ferruginea O.Berg","",,"GBIF"
"","JBRJ","RB","RB00315044","Myrciaria ferruginea","","Myrtaceae","Myrciaria","ferruginea","","O.Berg","M.C.Souza",,"","1495","","M.Oliveira; A.A.Grillo",2003,12,16,"Brazil","Alagoas","Ibateguara","Flora dos Fragmentos, Alto Guzerá, margem da estrada.",,,"Arbusto + ou - 3m alt, flores passadas","Myrciaria ferruginea O.Berg","",,"GBIF"
"","UFRPE","PEUFR","44307","Myrciaria ferruginea","","Myrtaceae","Myrciaria","ferruginea","","O.Berg","D.Villaroul",2009,"","313","","S.S.Lira; A.P.S.Gomes; A.Laurênio; M.L.Araújo",2002,3,6,"Brazil","Pernambuco","Rio Formoso","Mata do Ribeira",,,"Arbusto com ca. De 1,5m de altura, frutos maduros vináceo","Myrciaria ferruginea O.Berg","",,"GBIF"
"","UFRPE","PEUFR","44306","Myrciaria ferruginea","","Myrtaceae","Myrciaria","ferruginea","","O.Berg","D.Villaroul",2009,"","307","","S.S.Lira; A.P.S.Gomes; A.Laurênio; M.L.Araújo",2002,3,6,"Brazil","Pernambuco","Rio Formoso","Mata do Ribeira",,,"Arbusto com ca. De 1,5m de altura, frutos maduros vináceo","Myrciaria ferruginea O.Berg","",,"GBIF"
"","UFRPE","PEUFR","37256","Myrciaria ferruginea","","Myrtaceae","Myrciaria","ferruginea","","O.Berg","M. Sobral",2006,"","54","","K. Almeida",2000,5,28,"Brazil","Pernambuco","São Lourenço da Mata","Estação Ecológica do Tapacurá",-8.012778,-34.950278,"Subarbusto com cerca de 1 m de altura; inflorescência creme","Myrciaria ferruginea O.Berg","",,"GBIF"
"","Instituto de Botânica","SP","351068","Myrciaria ferruginea","","Myrtaceae","Myrciaria","ferruginea","","O.Berg","Sobral, M",2004,"","54","","Almeida, K",2000,5,28,"Brazil","Pernambuco","São Lourenço da Mata","Estação Ecológica do Tapacurá. Solo areno-argiloso.",-8.012778,-34.950278,"Subarbusto ca. 1m alt., infloresc. creme.","Myrciaria ferruginea O.Berg","",,"GBIF"
"","UFRPE","PEUFR","37271","Myrciaria ferruginea","","Myrtaceae","Myrciaria","ferruginea","","O.Berg","B.S.Amorim",2010,"","66","","K.Almeida; R.D.Lucena",2000,7,26,"Brazil","Pernambuco","São Lorenço da Mata","Estação ecologica do tapacurá",-8.012778,-34.950278,"Subarbusto com 0,90cm, fruto imaturo verde.","Myrciaria ferruginea O.Berg","",,"GBIF"
"","Instituto de Botânica","SP","351089","Myrciaria ferruginea","","Myrtaceae","Myrciaria","ferruginea","","O.Berg","Sobral, M",2004,"","66","","Almeida, K; Lucena, RD",2000,7,26,"Brazil","Pernambuco","São Lourenço da Mata","Estação ECológica do Tapecurá, solo areno-argiloso.",-8.012778,-34.950278,"Subarbusto 0,9m alt., fruto imaturo verde.","Myrciaria ferruginea O.Berg","",,"GBIF"
"","IPA","IPA","84432","Myrciaria ferruginea","","Myrtaceae","Myrciaria","ferruginea","","O.Berg","Amorim, B.S.",2010,"","23","","Silva, E.S.; Almeida, K.; Almeida, K.",2000,9,4,"Brazil","Pernambuco","São Lourenço da Mata","Estação Ecológica do Tapacurá, Trilha da mata.",-8.012778,-34.950278,"Arbusto ca. 1m de altura. Folhas novas. Com frutos verdes.; Solo areno-argiloso.","Myrciaria ferruginea O.Berg","",,"GBIF"
"","UFRPE","PEUFR","37255","Myrciaria ferruginea","","Myrtaceae","Myrciaria","ferruginea","","O.Berg","B.S.Amorim",2009,"","23","","E.S. da Silva; K.Almeida",2000,9,4,"Brazil","Pernambuco","São Lorenço da Mata","Estação ecologica do tapacurá",-8.012778,-34.950278,"Arbusto com cerca de 1m, folhas novas, com frutos verdes.","Myrciaria ferruginea O.Berg","",,"GBIF"
"","Instituto de Botânica","SP","351066","Myrciaria ferruginea","","Myrtaceae","Myrciaria","ferruginea","","O.Berg","Sobral, M",2004,"","23","","Silva, ES; Almeida, K",2000,9,4,"Brazil","Pernambuco","São Lourenço da Mata","Estação Ecológica do Tapacurá, trilha da mata, solo areno-argiloso.",-8.012778,-34.950278,"Arbusto ca. 1m alt., folhas novas. comm frutos verdes.","Myrciaria ferruginea O.Berg","",,"GBIF"
"","Universidade Federal de Sergipe, UFS","ASE","8190","Myrciaria ferruginea","","Myrtaceae","Myrciaria","ferruginea","","O.Berg","Proença, C",2009,"","104","","Cruz, A; Santos, E",1999,5,26,"Brazil","Sergipe","São Cristóvão","Área de mata.",-11.014722,-37.206389,"Árvore com cerca de 3m. Presença de folhas pequenas, flores de tamanho pequena, localizada na base da folha, muitos botões agrupados na face adaxial, presença de apenas um fruto verde.; Árvore com cerca de 3m. Presença de folhas peque","Myrciaria ferruginea O.Berg","",,"GBIF"
"","UFPB","JPB","42778","Myrciaria ferruginea","","Myrtaceae","Myrciaria","ferruginea","","O.Berg","Amorim, BS",2012,"","104","","Cruz, A; Santos, E",1999,5,26,"Brazil","Sergipe","São Cristóvão",,-11.0147,-37.2064,"; HABITAT: Área de mata.; DESC: Árvore com cerca de 3m. Presença de folhas pequenas, flores de tamanho pequeno, localizada na base da folha, muitos botões agrupados na face adaxial, presença de apenas um fruto verde.","Myrciaria ferruginea O.Berg","",,"GBIF"
"","IMA","MAC","39625","Myrciaria ferruginea","","Myrtaceae","Myrciaria","ferruginea","","O.Berg","M.Figueira; B.Schindler",2016,"","104","","A.Cruz; E.Santos",1999,5,26,"Brazil","Sergipe","São Cristovão",,-11.035278,-37.333333,"Árvore ca. 3 m de altura. Flores pequenas, localizadas na base da folha, muitos botões agrupados na face adaxial. Presença de apenas um fruto verde; Área de mata","Myrciaria ferruginea O.Berg","",,"GBIF"
"","IMA","MAC","11183","Myrciaria ferruginea","","Myrtaceae","Myrciaria","ferruginea","","O.Berg","M.Sobral",2004,"","3116","","A.M.Amorim; et al.",1999,7,25,"Brazil","Alagoas","Coruripe","Usina Coruripe, Mata do rio das Pedras.",-10.225833,-36.285278,"Arvoreta com a. de 2,5m de alt. Flores c/ pétalas e estames alvos, muito perfumadas.; Floresta ombrófila de encosta.","Myrciaria ferruginea O.Berg","",,"GBIF"
"","UEFS","HUEFS","81939","Myrciaria ferruginea","","Myrtaceae","Myrciaria","ferruginea","","O.Berg",,,"","3116","","Amorim, A.M.",1999,7,25,"Brazil","Alagoas","Coruripe","Usina Coruripe, mata do Rio das Pedras.",,,"Floresta ombrófila de encosta. Mata Atlântica.","Myrciaria ferruginea O.Berg","",,"GBIF"
"","JBRJ","RB","RB00315057","Myrciaria ferruginea","","Myrtaceae","Myrciaria","ferruginea","","O.Berg","G.M.Barroso",1998,"","42","","J.R.Lemos; José Lima",1998,2,12,"Brazil","Piauí","São Raimundo Nonato","Zabelê - PARNA Serra da Capivara.",-8.736389,-42.489167,"árvore de aproximadamente 3 a 6 m de altura, inflorescência esbranquiçada, fruto comestivel","Myrciaria ferruginea O.Berg","",,"GBIF"
"","JBRJ","RB","RB00315057","Myrciaria ferruginea","","Myrtaceae","Myrciaria","ferruginea","","O.Berg","G.M.Barroso",1998,"","42","","J.R.Lemos; José Lima",1998,2,12,"Brazil","Piauí","São Raimundo Nonato","Zabelê - PARNA Serra da Capivara.",-8.73639,-42.48917,"árvore de aproximadamente 3 a 6m de altura, inflorescência esbranquiçada, fruto comestivel","Myrciaria ferruginea O.Berg","",,"GBIF"
"","Universidade Federal Rural de Pernambuco","HST","9035","Myrciaria ferruginea","","Myrtaceae","Myrciaria","ferruginea","","O.Berg","G.M.Barroso",1998,"","42","","J.R.Lemos",1998,2,12,"Brazil","Piauí","São Raimundo Nonato","Zabelê, PARNA Serra da Capivara",,,"Árvore de aprox. 3,0 a 6 m alt.; inflorescência esbranquiçada; frutos comestível.","Myrciaria ferruginea O.Berg","",,"GBIF"
"","IPA","IPA","56509","Myrciaria ferruginea","","Myrtaceae","Myrciaria","ferruginea","","O.Berg","Sobral, M.",2006,"","282","","Bocage, A.; Cano, O.; Cano, O.",1995,2,14,"Brazil","Pernambuco","Recife","Jardim Botânico, mata do Curado.",,,"Subarbusto.","Myrciaria ferruginea O.Berg","",,"GBIF"
"","IPA","IPA","56865","Myrciaria ferruginea","","Myrtaceae","Myrciaria","ferruginea","","O.Berg","Sobral, M.",2006,"","56865","","Cano, O.; Josiane; Josiane",1995,4,3,"Brazil","Pernambuco","Recife","Jardim Botânico, Curado.",,,"Mata Atlântica.","Myrciaria ferruginea O.Berg","",,"GBIF"
"","Universidade Federal de Sergipe, UFS","ASE","6352","Myrciaria ferruginea","","Myrtaceae","Myrciaria","ferruginea","","O.Berg","Proença, C",2009,"","628","","Landim, M; Proença, C; L.Landrum; E.Melo; F.França",1995,9,15,"Brazil","Sergipe","Santa Luzia do Itanhy","Mata do Crasto, Borda da mata",-11.385528,-37.425861,"arbusto. 1.3. m. Flores com poucas pétalas, androceu e estilete brancos sem cheiro.; arbusto. 1.3. m. Flores com poucas pétalas, androceu e estilete brancos sem cheiro.; Mata","Myrciaria ferruginea O.Berg","",,"GBIF"
"","UnB","UB","168191","Myrciaria ferruginea","","Myrtaceae","Myrciaria","ferruginea","","O.Berg","Proença, CEB",2011,"","628","","Landim, MF",1995,9,15,"Brazil","Sergipe","Santa Luzia do Itanhy","Mata do Crasto",,,"Arbusto ca. 1,3 m de altura.Flores com pucas pétalas, androceu e estilete brancos sem cheiro.; Mata","Myrciaria ferruginea O.Berg","",,"GBIF"
"","Universidade Federal do Ceará, UFC","EAC","21160","Myrciaria ferruginea","","Myrtaceae","Myrciaria","ferruginea","","O.Berg","Lima-Verde, L.W.",1995,"","s.n.","","Oliveira, M.R.L.",1994,1,7,"Brazil","Ceará","Guaramiranga","Serra de Baturité, Sítio Cana Brava",,,,"Myrciaria ferruginea O.Berg","",,"GBIF"
"","UFPB","JPB","22667","Myrciaria ferruginea","","Myrtaceae","Myrciaria","ferruginea","","O.Berg","Amorim, GS",2019,"","1438A","","Moura, OT",1994,10,22,"Brazil","Paraíba","João Pessoa",,-7.115,-34.863056,"; DESC: Arbusto","Myrciaria ferruginea O.Berg","",,"GBIF"
"","USP","SPF","100452","Myrciaria ferruginea","","Myrtaceae","Myrciaria","ferruginea","","O.Berg","Sobral, M",2004,"","3354","","Pirani, JR",1994,12,4,"Brazil","Espírito Santo","São Mateus",,,,,"Myrciaria ferruginea O.Berg","",,"GBIF"
"","Comissão Executiva do Plano da Lavoura Cacaueira","CEPEC","59624","Myrciaria ferruginea","","Myrtaceae","Myrciaria","ferruginea","","O.Berg","M. Sobral",,"","421","","S. C. de Sant'Ana",1993,1,9,"Brazil","Sergipe","SANTA LUZIA DO ITANHI","Ca. 2Km de Crasto, na estrda p/ Sta. Luzia.",,,,"Myrciaria ferruginea O.Berg","",,"GBIF"
"","JBRJ","RB","RB00315068","Myrciaria ferruginea","","Myrtaceae","Myrciaria","ferruginea","","O.Berg","G.M.B.",,"","996","","O.T.Moura",1993,5,14,"Brazil","Paraíba","João Pessoa","Mangabeira, Jacarapé.",,,"Arbusto, botões e flores abertas, flor branca","Myrciaria ferruginea O.Berg","",,"GBIF"
"","JBRJ","RB","RB00309139","Myrciaria ferruginea","","Myrtaceae","Myrciaria","ferruginea","","O.Berg","M. Sobral",2005,"","1029","","O. T. Moura",1993,7,7,"Brazil","Paraíba","João Pessoa","Mangabira, Rio Jacarapé, margem do caminho da mata.",,,"Subarbusto, pouquíssimos frutos. 2 - Myrciaria ferruginea O. Berg","Myrciaria ferruginea O.Berg","",,"GBIF"
"","Universidade Federal do Ceará, UFC","EAC","22049","Myrciaria ferruginea","","Myrtaceae","Myrciaria","ferruginea","","O.Berg","Barroso, G.",1994,"","60","","Oliveira, M.R.L.",1993,8,10,"Brazil","Ceará","Guaramiranga","Morro Alto Redondo, Sa. Baturité",,,"Árvore de flor branca.; Mata","Myrciaria ferruginea O.Berg","",,"GBIF"
"","JBRJ","RB","RB00315084","Myrciaria ferruginea","","Myrtaceae","Myrciaria","ferruginea","","O.Berg","G.M.Barroso",,"","60","","Oliveira; M.R.L.",1993,8,10,"Brazil","Ceará","Guaramiranga","Morro Alto Redondo, Serra de Baturité.",,,"Árvore de flor branca","Myrciaria ferruginea O.Berg","",,"GBIF"
"","Universidade Federal de Sergipe, UFS","ASE","5630","Myrciaria ferruginea","","Myrtaceae","Myrciaria","ferruginea","","O.Berg","Proença, C",2009,"","421","","S.C.Sant'Ana; A.M. de Carvalho; J.G.Jardim; J Delabie; J. Argol",1993,10,9,"Brazil","Sergipe","Santa Luzia do Itanhy","Povoado do Castro",-11.350833,-37.448333,"Arbusto. 3m. . Flores amareladas e frutos imaturos esverdeados.; Arbusto. 3m. . Flores amareladas e frutos imaturos esverdeados.; Mata","Myrciaria ferruginea O.Berg","",,"GBIF"
"","NY","NY","00907903","Myrciaria ferruginea","","Myrtaceae","Myrciaria","ferruginea","","O.Berg","M. Sobral",1994,"","421","","S. C. de Sant'Ana",1993,10,9,"Brazil","Sergipe",,"Cerca de 2,0 km do Distrito de Crasto, na estrada para Ste. Luzia de Itambi",-11.3544256439251,-37.4478844629906,,"Myrciaria ferruginea O.Berg","",,"GBIF"
"","Universidade Federal do Ceará, UFC","EAC","21161","Myrciaria ferruginea","","Myrtaceae","Myrciaria","ferruginea","","O.Berg","Lima-Verde, L.W.",1995,"","235","","Oliveira, M.R.L.",1993,11,27,"Brazil","Ceará","Guaramiranga","Serra de Baturité, Sítio Cana Brava",,,"Árvore.","Myrciaria ferruginea O.Berg","",,"GBIF"
"","Universidade Federal do Ceará, UFC","EAC","23086","Myrciaria ferruginea","","Myrtaceae","Myrciaria","ferruginea","","O.Berg","Barroso, G.M.",1994,"","s.n.","","Oliveira, M.R.L.",1993,11,27,"Brazil","Ceará","Guaramiranga","Sítio Cana Brava, Serra de Baturité, Solo pdzólico vermelho-amarelo.",,,"Árvore, flor branca, menor do que a folha miúda verdadeira.; Mata úmida","Myrciaria ferruginea O.Berg","",,"GBIF"
"","Comissão Executiva do Plano da Lavoura Cacaueira","CEPEC","2232","Myrciaria ferruginea","","Myrtaceae","Myrciaria","ferruginea","","O.Berg","M. Sobral",,"","2707","","R. P. Belém",1992,3,4,"Brazil","Bahia","PORTO SEGURO","Parque Nacional Monte Pascoal.",,,,"Myrciaria ferruginea O.Berg","",,"GBIF"
"","Reserva Natural Vale","CVRD","3372","Myrciaria ferruginea","","Myrtaceae","Myrciaria","ferruginea","","O.Berg","Marcelo C. Souza",2005,"","1423","","Folli, D.A.",1991,8,29,"Brazil","Es","LINHARES","Localizada ao lado do viveiro novo de crescimento rápido.",,,"<ll>dwc_commonname:</ll> Vassourinha","Myrciaria ferruginea O.Berg","",,"GBIF"
"","UFPE","UFP","4614","Myrciaria ferruginea","","Myrtaceae","Myrciaria","ferruginea","","O.Berg","Sobral, M.",,"","s.n.","","Silva, S.I.",1987,1,5,"Brazil","Pernambuco","Recife","Curado, Jardim Botânico do Curado.",,,,"Myrciaria ferruginea O.Berg","",,"GBIF"
"","Comissão Executiva do Plano da Lavoura Cacaueira","CEPEC","50829","Myrciaria ferruginea","","Myrtaceae","Myrciaria","ferruginea","","O.Berg","M. Sobral",,"","553","","F. S. Santos",1986,4,1,"Brazil","Bahia","SANTA CRUZ CABRÁLIA","Area da Estação Ecológica do Pau-brasil (ESPAB). 16Km a W de Porto Seguro.",-16.383333,-39.133333,"<ll>dwc_commonname:</ll> Murta","Myrciaria ferruginea O.Berg","",,"GBIF"
"","JBRJ","RB","RB00315064","Myrciaria ferruginea","","Myrtaceae","Myrciaria","ferruginea","","O.Berg","M.Sobral",,"","553","","F.S.Santos",1986,4,1,"Brazil","Bahia","Santa Cruz de Cabrália","área da Estação Ecologica do Pau Brasil (ESPAB) cerca de 16 km a W de Porto Seguro, Rod. 367 (Porto Seguro/Eunapólis) .",-16.383333,-39.133333,"Árvore de 18 m de altura x 0,11 m de diametro, estéril","Myrciaria ferruginea O.Berg","",,"GBIF"
"","MO","MO","311383","Myrciaria ferruginea","","Myrtaceae","Myrciaria","ferruginea","","O.Berg","B.S. Amorim",2009,"","Peixoto 3336","","Ariane L. Peixoto|et al.",1985,2,2,"Brazil","Espírito Santo",,"Munícipio de Linhares. Reserva Florestal da CVRD. Transect 8",,,,"Myrciaria ferruginea O.Berg","",,"GBIF"
"","MO","MO","311508","Myrciaria ferruginea","","Myrtaceae","Myrciaria","ferruginea","","O.Berg","B.S. Amorim",2009,"","Peixoto 3075","","Ariane L. Peixoto|Alwyn H. Gentry|Elsa M. Zardini|Carolyn Proença|O.L. Peixoto",1985,2,1,"Brazil","Espírito Santo",,"Linhares, Reserva Florestal de CVRD. Transect 1",,,,"Myrciaria ferruginea O.Berg","",,"GBIF"
"","Universidade Federal de Sergipe, UFS","ASE","3137","Myrciaria ferruginea","","Myrtaceae","Myrciaria","ferruginea","","O.Berg","Proença, C",2009,"","673","","Carneiro, EM",1983,4,13,"Brazil","Sergipe","Salgado","Sítio Sr. Do Bomfim",-11.031944,-37.474722,"Arbusto. Flores alvas e perfumadas.; Arbusto. Flores alvas e perfumadas.; Capoeira de mata","Myrciaria ferruginea O.Berg","",,"GBIF"
"","Universidade Federal de Sergipe, UFS","ASE","2147","Myrciaria ferruginea","","Myrtaceae","Myrciaria","ferruginea","","O.Berg","Proença, C",2009,"","314","","Carneiro, EM",1982,3,10,"Brazil","Sergipe","Salgado","Sítio Gameleiro",-11.031944,-37.474722,"Arbusto. Flores esverdeadas em caulifloria.; Arbusto. Flores esverdeadas em caulifloria.; Mata","Myrciaria ferruginea O.Berg","",,"GBIF"
"","Comissão Executiva do Plano da Lavoura Cacaueira","CEPEC","26566","Myrciaria ferruginea","","Myrtaceae","Myrciaria","ferruginea","","O.Berg","M. Sobral",,"","14127","","S. A. Mori",1981,5,27,"Brazil","Bahia","ITANAGRA","Rod. Itanagra/Subaúma, 8Km a W de Itanagra.",,,,"Myrciaria ferruginea O.Berg","",,"GBIF"
"","NY","NY","616711","Myrciaria ferruginea","","Myrtaceae","Myrciaria","ferruginea","","O.Berg","M. Sobral",1986,"","14127","","S. A. Mori",1981,5,27,"Brazil","Bahia",,"Road from Itanagra to Subaúma, 8 km W of Itanagra",-12.19619,-38.014718,,"Myrciaria ferruginea O.Berg","",,"GBIF"
"","NY","NY","01067150","Myrciaria ferruginea","","Myrtaceae","Myrciaria","ferruginea","","O.Berg","M. Sobral",1986,"","14127","","S. A. Mori",1981,5,27,"Brazil","Bahia",,"Road from Itanagra to Subaúma, 8 km W of Itanagra",-12.19619,-38.014718,,"Myrciaria ferruginea O.Berg","",,"GBIF"
"","Reserva Natural Vale","CVRD","540","Myrciaria ferruginea","","Myrtaceae","Myrciaria","ferruginea","","O.Berg","Marcelo C. Souza",2005,"","195","","Folli, D.A.",1980,2,14,"Brazil","Es","LINHARES","Próxima a um Coco d'óleo.",,,"<ll>dwc_commonname:</ll> Vassourinha","Myrciaria ferruginea O.Berg","",,"GBIF"
"","JBRJ","RB","RB00315196","Myrciaria ferruginea","","Myrtaceae","Myrciaria","ferruginea","","O.Berg","M.C.Souza",,"","195","","D.A.F.",1980,2,14,"Brazil","Espírito Santo","Linhares","Reserva Florestal CVRD, Est. 211, Km 0,005 lado esquerdo.",,,"Árvore ca. 7m, fuste ca 3m, DAP 7 cm, 0 da copa ca 5 m. Flor branca e botão verde. Fuste cilindrico e casca lisa.","Myrciaria ferruginea O.Berg","",,"GBIF"
"","UFRGS","ICN","062630","Myrciaria ferruginea","","Myrtaceae","Myrciaria","ferruginea","","O.Berg","Sobral, M",1985,"","195","","Folli, DA",1980,2,14,"Brazil","Es","Linhares","Reserva Florestal da CVRD, Est. Parajú, ant. 211, Km 0,005, lado esquerdo",,,"Em floresta alta","Myrciaria ferruginea O.Berg","",,"GBIF"
"","Comissão Executiva do Plano da Lavoura Cacaueira","CEPEC","14682","Myrciaria ferruginea","","Myrtaceae","Myrciaria","ferruginea","","O.Berg","M. Sobral",,"","10733","","S. A. Mori",1978,9,20,"Brazil","Bahia","ITAMARAJÚ","Ca. 5Km ao W cidade.",,,,"Myrciaria ferruginea O.Berg","",,"GBIF"
"","JBRJ","RB","RB00315036","Myrciaria ferruginea","","Myrtaceae","Myrciaria","ferruginea","","O.Berg","M.C.Souza",,"","10733","","S.Mori; L.A.Mattos Silva, T.S.dos Santos",1978,9,20,"Brazil","Bahia","Itamaraju","ca 5 km a W de Itamaraju.",,,"Arvorezinha, 3m x 5 cm","Myrciaria ferruginea O.Berg","",,"GBIF"
"","NY","NY","616710","Myrciaria ferruginea","","Myrtaceae","Myrciaria","ferruginea","","O.Berg","M. Sobral",1986,"","10733","","S. A. Mori",1978,9,20,"Brazil","Bahia",,"Ca. 5 km a W de Itamaraju. Folha SE-24 (17-40d)",-17.036352,-39.581523,,"Myrciaria ferruginea O.Berg","",,"GBIF"
"","JBRJ","RB","RB00315051","Myrciaria ferruginea","","Myrtaceae","Myrciaria","ferruginea","","O.Berg","M.Sobral",,"","8272","","D.Sucre",1972,1,30,"Brazil","Espírito Santo","Linhares","Reserva de Linhares, DOCEMADE. Reserva de Linhares",,,"Árvore umbrofila com mais ou menos 7m de altura","Myrciaria ferruginea O.Berg","",,"GBIF"
"","Comissão Executiva do Plano da Lavoura Cacaueira","CEPEC","6727","Myrciaria ferruginea","","Myrtaceae","Myrciaria","ferruginea","","O.Berg","M. Sobral",,"","1521","","T. S. dos Santos",1971,3,31,"Brazil","Espírito Santo","LINHARES","Estrada a Barro Novo, ao Leste.",,,,"Myrciaria ferruginea O.Berg","",,"GBIF"
"","Comissão Executiva do Plano da Lavoura Cacaueira","CEPEC","8234","Myrciaria ferruginea","","Myrtaceae","Myrciaria","ferruginea","","O.Berg","M. Sobral",,"","98","","A. Eupunino",1971,12,11,"Brazil","Bahia","SANTA CRUZ CABRÁLIA","Estação Ecológica do Pau-brasil (ESPAB).",,,,"Myrciaria ferruginea O.Berg","",,"GBIF"
"","UFRGS","ICN","096145","Myrciaria ferruginea","","Myrtaceae","Myrciaria","ferruginea","","O.Berg","Sobral, M",1985,"","98","","Euponino, A",1971,12,11,"Brazil","Ba","Santa Cruz Cabrália","Reserva Biológica do Pau-Brasil",,,"Arbusto de 3 m de altura e flor branca.","Myrciaria ferruginea O.Berg","",,"GBIF"
"","UnB","UB","168250","Myrciaria ferruginea","","Myrtaceae","Myrciaria","ferruginea","","O.Berg","Sobral, M",1985,"","2707","","Belém, RP; Pinheiro, RS",1966,10,3,"Brazil","Bahia","Monte Pascoal","Monte Pascal",,,"Árvore de 4m x 12 cm, diâm.; frutos verdes.; Mata virgem","Myrciaria ferruginea O.Berg","",,"GBIF"
"","JBRJ","RB","RB00315073","Myrciaria ferruginea","","Myrtaceae","Myrciaria","ferruginea","","O.Berg",,,"",,"","Lauro P.Xavier",1953,4,17,"Brazil","Paraíba","Serraria","Fazenda Serrote,.",,,"Arbusto, flores aromáticas, frutos comestíveis","Myrciaria ferruginea O.Berg","",,"GBIF"
"","UFPB","JPB","19113","Myrciaria ferruginea","","Myrtaceae","Myrciaria","ferruginea","","O.Berg",,,"","996","","Moura, OT",1900,1,1,"Brazil","Paraíba","João Pessoa",,-7.115,-34.863056,,"Myrciaria ferruginea O.Berg","",,"GBIF"
"","UFPB","JPB","24048","Myrciaria ferruginea","","Myrtaceae","Myrciaria","ferruginea","","O.Berg","Amorim, BS",2012,"","1240","","Moura, OT",1900,1,1,"Brazil","Paraíba","João Pessoa",,-7.115,-34.863056,,"Myrciaria ferruginea O.Berg","",,"GBIF"
"","UFPB","JPB","28979","Myrciaria ferruginea","","Myrtaceae","Myrciaria","ferruginea","","O.Berg",,,"","23","","Silva, ES da; Almeida, K",1900,1,1,"Brazil","Pernambuco","São Lourenço da Mata",,,,,"Myrciaria ferruginea O.Berg","",,"GBIF"
"","UFPB","JPB","28978","Myrciaria ferruginea","","Myrtaceae","Myrciaria","ferruginea","","O.Berg","Amorim, BS",2012,"","54","","Almeida, K",1900,1,1,"Brazil","Pernambuco","São Lourenço da Mata",,,,,"Myrciaria ferruginea O.Berg","",,"GBIF"
"","Comissão Executiva do Plano da Lavoura Cacaueira","CEPEC","140065","Myrciaria ferruginea","","Myrtaceae","Myrciaria","ferruginea","","O.Berg","Sem Informação",,"",,"","Carvalho, G. M.",,,,"Brazil","Bahia","PORTO SEGURO","RPPN Estação Veracel",-16.333333,-39.133333,"Indivíduo P19-07","Myrciaria ferruginea O.Berg","",,"GBIF"
"","MBM","MBM","150581","Myrciaria ferruginea","","Myrtaceae","Myrciaria","ferruginea","","O.Berg","Sobral, M",,"","553","","Santos, FS",,,,"Brazil","Bahia","Santa Cruz Cabrália","Área da Estação Ecológica do Pau-brasil",,,,"Myrciaria ferruginea O.Berg","",,"GBIF"
"","F","Botany","V0122015F","Myrciaria ferruginea","","Myrtaceae","Myrciaria","ferruginea","","O.Berg",,,"",,"",,,,,"Brazil",,,,-10.8339,-52.8731,,"Myrciaria ferruginea O.Berg","",,"GBIF"
"","Comissão Executiva do Plano da Lavoura Cacaueira","CEPEC","132710","Myrciaria ferruginea","","Myrtaceae","Myrciaria","ferruginea","","O.Berg","B. S. Amorim",,"","462","","B. S. Amorim",,,,"Brazil","Pernambuco","TAMANDARÉ",,,,"<ll>dwc_commonname:</ll>","Myrciaria ferruginea O.Berg","",,"GBIF"
"","UNESP-IBB","BOTUW","854","Myrciaria ferruginea","","Myrtaceae","Myrciaria","ferruginea","","O.Berg",,,"",,"",,,,,"Brazil","Espírito Santo",,"Comp. Vale do Rio Doce",-19.866667,-40.533333,,"Myrciaria ferruginea O.Berg","",,"GBIF"
"","K","Herbarium","K000565220","Myrciaria ferruginea","","Myrtaceae","Myrciaria","ferruginea","","O.Berg","Eve Lucas",,"","519","","Souza, M.C.; et al.",,,,"Brazil",,,,,,,"Myrciaria ferruginea O.Berg","",,"GBIF"
